data;
param k :=600;
param n :=600;
param m :=3;
param p :=1;

param simbols :=  
1 142
2 151
3 156
4 139
5 147
6 151
7 134
8 147
9 142
10 145
11 135
12 165
13 146
14 128
15 146
16 168
17 133
18 159
19 147
20 147
21 153
22 163
23 134
24 146
25 148
26 153
27 144
28 131
29 147
30 168
31 144
32 159
33 141
34 132
35 145
36 161
37 156
38 150
39 146
40 147
41 162
42 142
43 152
44 143
45 146
46 148
47 124
48 140
49 146
50 123
51 155
52 127
53 132
54 168
55 143
56 151
57 156
58 138
59 140
60 141
61 136
62 164
63 142
64 129
65 116
66 126
67 147
68 137
69 130
70 123
71 126
72 140
73 144
74 151
75 160
76 131
77 162
78 146
79 155
80 145
81 162
82 130
83 153
84 146
85 165
86 152
87 132
88 141
89 160
90 154
91 138
92 154
93 148
94 149
95 133
96 154
97 146
98 128
99 131
100 126
101 168
102 136
103 150
104 156
105 142
106 141
107 151
108 156
109 149
110 164
111 152
112 136
113 153
114 148
115 159
116 148
117 144
118 145
119 150
120 138
121 142
122 135
123 134
124 151
125 141
126 137
127 143
128 154
129 154
130 154
131 144
132 135
133 140
134 139
135 156
136 141
137 129
138 159
139 146
140 145
141 149
142 145
143 146
144 126
145 140
146 139
147 163
148 136
149 145
150 132
151 138
152 139
153 168
154 133
155 150
156 143
157 125
158 121
159 147
160 165
161 141
162 135
163 147
164 141
165 141
166 155
167 128
168 156
169 138
170 141
171 133
172 150
173 141
174 162
175 139
176 138
177 142
178 141
179 152
180 152
181 130
182 130
183 158
184 135
185 136
186 136
187 140
188 148
189 144
190 149
191 130
192 141
193 129
194 127
195 124
196 137
197 150
198 162
199 138
200 161
201 164
202 168
203 151
204 133
205 143
206 142
207 141
208 156
209 115
210 144
211 149
212 148
213 135
214 139
215 146
216 150
217 142
218 155
219 147
220 157
221 147
222 141
223 146
224 146
225 116
226 158
227 159
228 159
229 168
230 146
231 146
232 154
233 153
234 128
235 134
236 136
237 158
238 137
239 134
240 168
241 162
242 128
243 142
244 150
245 144
246 137
247 152
248 147
249 137
250 134
251 142
252 156
253 138
254 150
255 168
256 153
257 134
258 140
259 143
260 143
261 132
262 155
263 155
264 144
265 148
266 148
267 146
268 143
269 161
270 142
271 147
272 159
273 132
274 135
275 145
276 152
277 154
278 138
279 153
280 126
281 168
282 168
283 120
284 128
285 144
286 142
287 155
288 140
289 155
290 168
291 146
292 124
293 142
294 168
295 156
296 140
297 165
298 152
299 137
300 145
301 152
302 163
303 151
304 158
305 142
306 152
307 168
308 144
309 145
310 138
311 125
312 137
313 154
314 145
315 140
316 146
317 148
318 151
319 138
320 155
321 158
322 145
323 168
324 139
325 148
326 147
327 145
328 146
329 136
330 155
331 139
332 160
333 140
334 168
335 159
336 134
337 137
338 127
339 123
340 128
341 126
342 149
343 168
344 126
345 154
346 168
347 154
348 142
349 146
350 161
351 152
352 147
353 138
354 159
355 136
356 168
357 159
358 139
359 134
360 131
361 161
362 142
363 140
364 151
365 133
366 160
367 151
368 140
369 168
370 150
371 130
372 150
373 146
374 135
375 114
376 140
377 131
378 115
379 148
380 146
381 145
382 154
383 136
384 140
385 145
386 168
387 149
388 130
389 142
390 156
391 130
392 156
393 138
394 156
395 148
396 130
397 148
398 147
399 146
400 151
401 160
402 164
403 144
404 145
405 137
406 124
407 158
408 150
409 161
410 139
411 147
412 144
413 135
414 129
415 161
416 135
417 159
418 145
419 151
420 137
421 168
422 155
423 163
424 144
425 127
426 163
427 150
428 144
429 138
430 146
431 143
432 157
433 127
434 141
435 143
436 134
437 140
438 126
439 140
440 144
441 147
442 168
443 149
444 148
445 168
446 152
447 154
448 150
449 149
450 168
451 130
452 143
453 147
454 143
455 141
456 146
457 168
458 146
459 143
460 133
461 150
462 142
463 134
464 130
465 150
466 161
467 122
468 152
469 131
470 161
471 137
472 137
473 136
474 139
475 168
476 141
477 140
478 133
479 168
480 120
481 139
482 144
483 130
484 132
485 138
486 145
487 137
488 159
489 143
490 132
491 151
492 148
493 146
494 143
495 146
496 133
497 139
498 161
499 157
500 161
501 133
502 144
503 132
504 131
505 148
506 161
507 135
508 147
509 158
510 146
511 155
512 125
513 150
514 148
515 135
516 124
517 148
518 140
519 147
520 150
521 151
522 137
523 149
524 151
525 134
526 156
527 156
528 152
529 139
530 149
531 150
532 138
533 150
534 144
535 147
536 138
537 142
538 168
539 144
540 127
541 156
542 145
543 132
544 136
545 156
546 128
547 156
548 134
549 146
550 134
551 147
552 134
553 130
554 125
555 137
556 151
557 120
558 161
559 140
560 136
561 148
562 156
563 168
564 151
565 152
566 133
567 146
568 134
569 144
570 141
571 138
572 143
573 145
574 153
575 120
576 159
577 145
578 134
579 132
580 158
581 147
582 140
583 138
584 158
585 157
586 141
587 140
588 139
589 136
590 150
591 149
592 155
593 160
594 159
595 148
596 123
597 149
598 149
599 163
600 135
;
param services :=  
1 0.25
2 0.5
3 0.16
4 0.16
5 0.16
6 0.5
7 0.25
8 0.16
9 0.16
10 0.5
11 0.25
12 0.5
13 1.0
14 0.5
15 1.0
16 0.5
17 0.5
18 0.5
19 0.25
20 0.16
21 0.25
22 0.5
23 0.5
24 1.0
25 0.5
26 0.25
27 0.5
28 1.0
29 0.25
30 0.16
31 1.0
32 0.25
33 0.5
34 1.0
35 0.16
36 0.5
37 0.16
38 0.25
39 0.5
40 1.0
41 1.0
42 1.0
43 0.5
44 1.0
45 1.0
46 0.25
47 1.0
48 0.16
49 0.25
50 0.25
51 0.5
52 1.0
53 0.16
54 0.25
55 1.0
56 0.16
57 1.0
58 0.5
59 0.25
60 0.25
61 0.16
62 0.16
63 0.5
64 0.16
65 0.16
66 1.0
67 0.25
68 0.25
69 0.16
70 0.25
71 1.0
72 1.0
73 0.5
74 0.5
75 0.16
76 0.25
77 0.16
78 0.25
79 0.5
80 0.16
81 0.25
82 0.16
83 0.5
84 1.0
85 0.16
86 1.0
87 1.0
88 1.0
89 0.16
90 0.16
91 1.0
92 0.5
93 1.0
94 0.25
95 0.25
96 0.25
97 0.16
98 0.25
99 0.16
100 1.0
101 0.5
102 0.25
103 0.5
104 1.0
105 0.5
106 0.16
107 0.25
108 0.5
109 1.0
110 0.16
111 0.5
112 0.5
113 0.5
114 0.25
115 0.5
116 0.25
117 0.16
118 1.0
119 1.0
120 0.5
121 0.5
122 0.5
123 1.0
124 0.5
125 0.5
126 0.25
127 0.5
128 0.25
129 1.0
130 0.16
131 0.16
132 0.5
133 0.25
134 0.5
135 1.0
136 0.16
137 0.5
138 0.25
139 0.16
140 0.5
141 0.5
142 1.0
143 0.16
144 1.0
145 0.5
146 0.16
147 0.5
148 1.0
149 0.5
150 0.5
151 0.16
152 1.0
153 0.5
154 0.16
155 0.5
156 0.25
157 0.25
158 0.16
159 0.16
160 0.25
161 1.0
162 0.16
163 0.25
164 0.16
165 0.16
166 0.5
167 0.5
168 0.16
169 1.0
170 0.5
171 1.0
172 0.5
173 0.25
174 1.0
175 1.0
176 0.16
177 0.16
178 0.5
179 0.25
180 0.25
181 0.5
182 1.0
183 1.0
184 0.25
185 0.16
186 1.0
187 0.5
188 1.0
189 0.5
190 0.5
191 0.5
192 0.5
193 0.5
194 0.5
195 0.25
196 0.5
197 0.25
198 0.5
199 0.5
200 0.16
201 0.25
202 0.25
203 0.25
204 0.5
205 0.25
206 0.5
207 0.5
208 0.25
209 0.16
210 0.25
211 0.16
212 0.16
213 0.16
214 0.25
215 0.25
216 0.5
217 0.5
218 0.16
219 0.5
220 0.25
221 1.0
222 0.5
223 1.0
224 0.5
225 0.25
226 1.0
227 0.25
228 0.16
229 0.16
230 1.0
231 0.25
232 0.5
233 0.16
234 0.16
235 1.0
236 1.0
237 0.16
238 0.5
239 1.0
240 0.25
241 0.25
242 0.25
243 1.0
244 0.16
245 0.25
246 0.16
247 0.5
248 0.16
249 0.5
250 0.16
251 0.25
252 0.25
253 0.25
254 0.25
255 0.16
256 1.0
257 0.25
258 0.5
259 0.5
260 1.0
261 0.5
262 0.25
263 0.16
264 0.25
265 1.0
266 0.16
267 0.25
268 1.0
269 0.25
270 0.25
271 0.25
272 0.5
273 0.5
274 0.25
275 0.16
276 0.16
277 0.5
278 0.25
279 0.25
280 0.5
281 0.25
282 0.16
283 1.0
284 0.25
285 1.0
286 0.25
287 0.5
288 1.0
289 0.16
290 0.25
291 1.0
292 0.5
293 0.16
294 1.0
295 0.25
296 0.16
297 1.0
298 0.5
299 0.5
300 0.16
301 0.25
302 1.0
303 0.5
304 1.0
305 0.5
306 1.0
307 0.5
308 0.5
309 0.5
310 0.5
311 0.5
312 0.5
313 1.0
314 0.25
315 0.5
316 0.5
317 0.5
318 1.0
319 0.5
320 0.25
321 0.25
322 0.16
323 0.16
324 0.5
325 1.0
326 0.5
327 0.16
328 0.16
329 0.25
330 0.5
331 0.25
332 1.0
333 1.0
334 0.5
335 0.16
336 0.16
337 0.16
338 0.25
339 0.5
340 0.16
341 0.25
342 0.5
343 0.16
344 0.25
345 0.5
346 0.5
347 0.25
348 0.25
349 1.0
350 1.0
351 0.5
352 0.5
353 0.5
354 0.5
355 0.25
356 0.16
357 0.5
358 0.25
359 0.16
360 0.16
361 0.5
362 1.0
363 0.5
364 0.16
365 1.0
366 0.25
367 1.0
368 0.5
369 0.5
370 0.25
371 1.0
372 0.25
373 0.25
374 1.0
375 0.16
376 1.0
377 0.16
378 0.5
379 0.25
380 0.25
381 0.16
382 0.25
383 0.16
384 1.0
385 1.0
386 0.16
387 0.5
388 1.0
389 1.0
390 0.16
391 0.5
392 0.25
393 0.25
394 0.5
395 0.16
396 0.25
397 1.0
398 1.0
399 0.5
400 0.16
401 0.5
402 0.16
403 0.16
404 0.5
405 0.25
406 0.25
407 0.5
408 0.16
409 0.5
410 0.16
411 0.5
412 0.16
413 1.0
414 0.16
415 0.25
416 1.0
417 1.0
418 0.25
419 1.0
420 0.16
421 0.5
422 1.0
423 0.5
424 0.5
425 1.0
426 0.16
427 0.16
428 0.5
429 0.25
430 1.0
431 0.16
432 0.25
433 1.0
434 1.0
435 1.0
436 1.0
437 0.25
438 0.5
439 1.0
440 0.16
441 0.25
442 0.5
443 1.0
444 0.25
445 0.25
446 0.5
447 0.5
448 0.25
449 1.0
450 0.25
451 1.0
452 0.25
453 1.0
454 0.16
455 1.0
456 0.5
457 1.0
458 0.25
459 0.5
460 1.0
461 0.5
462 0.5
463 1.0
464 1.0
465 0.5
466 0.25
467 0.25
468 0.5
469 0.25
470 0.25
471 0.16
472 0.5
473 0.25
474 0.16
475 0.25
476 0.16
477 1.0
478 0.16
479 1.0
480 0.5
481 0.5
482 0.16
483 1.0
484 0.25
485 0.5
486 1.0
487 0.16
488 0.25
489 0.25
490 0.16
491 0.16
492 0.5
493 1.0
494 0.5
495 0.25
496 0.5
497 0.25
498 0.16
499 0.5
500 0.5
501 0.5
502 0.25
503 0.16
504 0.16
505 0.25
506 0.16
507 0.25
508 0.16
509 0.5
510 1.0
511 0.16
512 0.25
513 1.0
514 1.0
515 0.25
516 1.0
517 1.0
518 0.16
519 0.16
520 0.16
521 1.0
522 0.5
523 0.16
524 1.0
525 0.25
526 0.16
527 0.5
528 1.0
529 0.16
530 1.0
531 1.0
532 1.0
533 0.25
534 0.5
535 1.0
536 0.5
537 0.5
538 0.16
539 0.16
540 0.16
541 0.5
542 0.5
543 0.16
544 0.5
545 0.5
546 0.16
547 1.0
548 0.5
549 0.16
550 1.0
551 1.0
552 0.16
553 0.25
554 0.16
555 0.25
556 0.25
557 1.0
558 1.0
559 1.0
560 0.25
561 0.25
562 0.16
563 1.0
564 0.16
565 0.25
566 0.5
567 0.25
568 1.0
569 1.0
570 0.25
571 0.25
572 0.25
573 1.0
574 0.25
575 0.16
576 0.5
577 0.25
578 0.25
579 1.0
580 1.0
581 0.16
582 1.0
583 0.16
584 0.5
585 0.25
586 0.25
587 0.5
588 1.0
589 0.25
590 0.16
591 0.5
592 0.16
593 0.16
594 0.5
595 0.5
596 0.25
597 0.16
598 0.25
599 0.5
600 0.5
;
# param user :=  
#1 15
#2 17
#3 3
#4 28
#5 20
#6 4
#7 25
#8 9
#9 12
#10 17
#11 8
#12 24
#13 15
#14 17
#15 12
#16 16
#17 18
#18 8
#19 13
#20 26
#21 5
#22 17
#23 20
#24 25
#25 21
#26 8
#27 6
#28 23
#29 14
#30 12
#31 12
#32 20
#33 13
#34 3
#35 7
#36 21
#37 8
#38 30
#39 18
#40 23
#41 8
#42 20
#43 30
#44 11
#45 4
#46 29
#47 17
#48 7
#49 6
#50 6
#51 16
#52 8
#53 28
#54 24
#55 16
#56 14
#57 21
#58 9
#59 16
#60 9
#61 21
#62 6
#63 11
#64 26
#65 6
#66 12
#67 28
#68 29
#69 20
#70 7
#71 11
#72 25
#73 18
#74 29
#75 2
#76 28
#77 6
#78 21
#79 30
#80 4
#81 25
#82 23
#83 15
#84 14
#85 7
#86 16
#87 8
#88 24
#89 22
#90 18
#91 16
#92 4
#93 26
#94 7
#95 29
#96 27
#97 12
#98 12
#99 21
#100 24
#101 4
#102 30
#103 8
#104 9
#105 14
#106 25
#107 10
#108 9
#109 8
#110 20
#111 30
#112 5
#113 17
#114 8
#115 26
#116 26
#117 12
#118 18
#119 15
#120 14
#121 2
#122 22
#123 17
#124 29
#125 21
#126 29
#127 3
#128 1
#129 24
#130 10
#131 19
#132 6
#133 4
#134 24
#135 18
#136 14
#137 14
#138 9
#139 12
#140 14
#141 3
#142 29
#143 8
#144 16
#145 1
#146 29
#147 4
#148 16
#149 19
#150 4
#151 10
#152 25
#153 2
#154 17
#155 24
#156 27
#157 30
#158 22
#159 24
#160 19
#161 16
#162 20
#163 12
#164 28
#165 28
#166 25
#167 4
#168 26
#169 19
#170 2
#171 2
#172 28
#173 3
#174 15
#175 3
#176 20
#177 23
#178 9
#179 23
#180 9
#181 8
#182 13
#183 20
#184 5
#185 27
#186 28
#187 5
#188 28
#189 23
#190 14
#191 23
#192 13
#193 6
#194 5
#195 19
#196 12
#197 25
#198 12
#199 24
#200 18
#201 10
#202 18
#203 4
#204 3
#205 28
#206 11
#207 30
#208 16
#209 4
#210 2
#211 24
#212 18
#213 2
#214 9
#215 2
#216 27
#217 9
#218 23
#219 13
#220 5
#221 17
#222 8
#223 4
#224 22
#225 21
#226 29
#227 1
#228 26
#229 26
#230 25
#231 14
#232 3
#233 26
#234 13
#235 19
#236 6
#237 13
#238 9
#239 1
#240 2
#241 4
#242 12
#243 27
#244 8
#245 28
#246 8
#247 11
#248 14
#249 25
#250 11
#251 10
#252 1
#253 28
#254 12
#255 14
#256 25
#257 1
#258 22
#259 21
#260 1
#261 24
#262 29
#263 28
#264 18
#265 18
#266 16
#267 26
#268 12
#269 4
#270 11
#271 16
#272 17
#273 10
#274 8
#275 1
#276 5
#277 22
#278 26
#279 17
#280 13
#281 30
#282 16
#283 2
#284 22
#285 21
#286 27
#287 26
#288 18
#289 3
#290 5
#291 6
#292 11
#293 9
#294 1
#295 18
#296 5
#297 24
#298 14
#299 4
#300 16
#301 6
#302 27
#303 14
#304 5
#305 9
#306 15
#307 5
#308 18
#309 30
#310 27
#311 2
#312 19
#313 4
#314 28
#315 6
#316 19
#317 24
#318 28
#319 10
#320 16
#321 6
#322 10
#323 14
#324 21
#325 30
#326 30
#327 12
#328 4
#329 30
#330 21
#331 28
#332 2
#333 7
#334 13
#335 12
#336 2
#337 13
#338 14
#339 8
#340 30
#341 28
#342 23
#343 14
#344 3
#345 7
#346 25
#347 21
#348 27
#349 13
#350 22
#351 13
#352 1
#353 29
#354 12
#355 1
#356 27
#357 25
#358 12
#359 16
#360 25
#361 18
#362 20
#363 5
#364 23
#365 3
#366 17
#367 8
#368 9
#369 12
#370 26
#371 1
#372 8
#373 2
#374 11
#375 22
#376 5
#377 21
#378 23
#379 3
#380 12
#381 20
#382 22
#383 18
#384 23
#385 24
#386 4
#387 14
#388 28
#389 6
#390 6
#391 6
#392 8
#393 29
#394 15
#395 22
#396 26
#397 18
#398 11
#399 10
#400 2
#401 15
#402 26
#403 29
#404 2
#405 26
#406 20
#407 30
#408 15
#409 30
#410 27
#411 13
#412 21
#413 27
#414 18
#415 16
#416 10
#417 23
#418 9
#419 17
#420 29
#421 22
#422 22
#423 6
#424 28
#425 13
#426 11
#427 14
#428 8
#429 3
#430 15
#431 25
#432 9
#433 8
#434 5
#435 30
#436 20
#437 16
#438 18
#439 19
#440 22
#441 28
#442 5
#443 16
#444 22
#445 2
#446 20
#447 20
#448 27
#449 15
#450 1
#451 12
#452 6
#453 19
#454 5
#455 24
#456 15
#457 20
#458 19
#459 25
#460 23
#461 19
#462 1
#463 12
#464 7
#465 3
#466 21
#467 27
#468 24
#469 23
#470 18
#471 3
#472 27
#473 13
#474 29
#475 24
#476 22
#477 20
#478 3
#479 13
#480 20
#481 22
#482 28
#483 9
#484 4
#485 6
#486 26
#487 17
#488 10
#489 21
#490 27
#491 10
#492 3
#493 25
#494 20
#495 15
#496 26
#497 22
#498 26
#499 29
#500 1
#501 29
#502 8
#503 9
#504 21
#505 12
#506 13
#507 11
#508 11
#509 29
#510 26
#511 28
#512 24
#513 26
#514 10
#515 21
#516 28
#517 8
#518 16
#519 11
#520 11
#521 15
#522 3
#523 6
#524 24
#525 3
#526 29
#527 12
#528 13
#529 17
#530 11
#531 6
#532 9
#533 10
#534 25
#535 29
#536 22
#537 24
#538 22
#539 16
#540 14
#541 17
#542 7
#543 9
#544 10
#545 19
#546 5
#547 17
#548 7
#549 15
#550 19
#551 20
#552 28
#553 26
#554 10
#555 18
#556 12
#557 21
#558 11
#559 7
#560 16
#561 12
#562 25
#563 7
#564 19
#565 29
#566 1
#567 12
#568 16
#569 16
#570 3
#571 1
#572 5
#573 10
#574 3
#575 28
#576 26
#577 18
#578 10
#579 19
#580 22
#581 14
#582 30
#583 1
#584 30
#585 21
#586 20
#587 10
#588 30
#589 18
#590 4
#591 1
#592 8
#593 28
#594 26
#595 2
#596 16
#597 22
#598 7
#599 7
#600 15
#;
param mcs :=  
1 64
2 64
3 64
4 16
5 16
6 64
7 32
8 16
9 64
10 64
11 64
12 64
13 64
14 16
15 16
16 64
17 16
18 16
19 16
20 32
21 16
22 64
23 32
24 32
25 16
26 64
27 16
28 16
29 16
30 16
31 64
32 64
33 16
34 64
35 16
36 64
37 64
38 64
39 32
40 64
41 16
42 16
43 64
44 64
45 64
46 64
47 16
48 16
49 32
50 16
51 16
52 64
53 64
54 32
55 16
56 64
57 64
58 64
59 16
60 64
61 16
62 32
63 16
64 16
65 32
66 16
67 64
68 16
69 16
70 32
71 64
72 64
73 16
74 32
75 32
76 64
77 64
78 32
79 16
80 64
81 64
82 64
83 64
84 32
85 16
86 32
87 64
88 16
89 64
90 16
91 16
92 64
93 64
94 64
95 16
96 32
97 64
98 16
99 32
100 32
101 16
102 16
103 16
104 16
105 32
106 16
107 16
108 16
109 64
110 16
111 16
112 16
113 16
114 16
115 64
116 32
117 64
118 32
119 64
120 32
121 64
122 16
123 32
124 16
125 16
126 16
127 64
128 32
129 16
130 32
131 16
132 16
133 16
134 16
135 64
136 64
137 32
138 16
139 64
140 32
141 64
142 32
143 16
144 64
145 16
146 64
147 32
148 64
149 64
150 64
151 64
152 16
153 64
154 64
155 16
156 16
157 64
158 64
159 64
160 64
161 32
162 16
163 16
164 64
165 32
166 16
167 64
168 32
169 16
170 16
171 16
172 64
173 16
174 16
175 64
176 16
177 16
178 32
179 64
180 32
181 64
182 16
183 16
184 64
185 16
186 16
187 16
188 64
189 64
190 16
191 32
192 64
193 16
194 16
195 16
196 16
197 64
198 32
199 32
200 16
201 64
202 16
203 64
204 32
205 64
206 64
207 16
208 32
209 16
210 32
211 32
212 32
213 16
214 64
215 32
216 16
217 64
218 16
219 64
220 16
221 64
222 32
223 32
224 64
225 16
226 32
227 64
228 16
229 64
230 32
231 16
232 64
233 32
234 64
235 32
236 64
237 64
238 16
239 32
240 32
241 32
242 16
243 32
244 64
245 64
246 32
247 16
248 64
249 64
250 32
251 32
252 16
253 16
254 64
255 16
256 16
257 64
258 64
259 16
260 16
261 64
262 16
263 32
264 64
265 64
266 64
267 16
268 64
269 64
270 16
271 16
272 16
273 16
274 16
275 64
276 32
277 16
278 16
279 64
280 32
281 64
282 16
283 64
284 64
285 16
286 16
287 64
288 64
289 64
290 16
291 16
292 32
293 64
294 16
295 16
296 32
297 16
298 64
299 64
300 16
301 64
302 64
303 16
304 16
305 64
306 64
307 32
308 64
309 16
310 16
311 16
312 16
313 16
314 64
315 64
316 32
317 64
318 16
319 64
320 16
321 32
322 32
323 64
324 32
325 16
326 64
327 32
328 64
329 16
330 32
331 64
332 64
333 16
334 16
335 64
336 16
337 32
338 64
339 64
340 16
341 32
342 16
343 16
344 16
345 64
346 64
347 64
348 32
349 16
350 64
351 64
352 32
353 16
354 64
355 64
356 16
357 64
358 16
359 32
360 64
361 64
362 32
363 16
364 16
365 64
366 64
367 16
368 16
369 16
370 16
371 64
372 64
373 64
374 32
375 32
376 16
377 64
378 32
379 16
380 32
381 64
382 16
383 16
384 16
385 16
386 64
387 64
388 64
389 64
390 64
391 64
392 32
393 16
394 32
395 64
396 16
397 64
398 64
399 16
400 16
401 16
402 32
403 64
404 16
405 16
406 64
407 64
408 64
409 16
410 64
411 16
412 32
413 64
414 64
415 64
416 64
417 16
418 16
419 32
420 32
421 16
422 32
423 16
424 32
425 64
426 16
427 16
428 16
429 64
430 16
431 16
432 16
433 16
434 32
435 32
436 64
437 64
438 16
439 16
440 16
441 32
442 64
443 64
444 64
445 64
446 16
447 16
448 16
449 64
450 16
451 64
452 64
453 64
454 16
455 32
456 64
457 64
458 64
459 32
460 64
461 16
462 16
463 64
464 16
465 16
466 16
467 16
468 64
469 16
470 16
471 64
472 16
473 64
474 64
475 16
476 64
477 32
478 32
479 64
480 64
481 64
482 64
483 16
484 32
485 16
486 64
487 64
488 16
489 64
490 64
491 16
492 32
493 32
494 64
495 64
496 64
497 16
498 32
499 32
500 16
501 64
502 16
503 32
504 32
505 64
506 32
507 32
508 32
509 16
510 64
511 32
512 64
513 64
514 64
515 16
516 16
517 64
518 16
519 16
520 64
521 32
522 64
523 16
524 32
525 32
526 64
527 64
528 64
529 16
530 16
531 16
532 64
533 16
534 64
535 16
536 16
537 16
538 16
539 16
540 16
541 16
542 16
543 64
544 32
545 32
546 64
547 32
548 16
549 64
550 64
551 64
552 64
553 16
554 16
555 32
556 16
557 32
558 64
559 32
560 16
561 16
562 64
563 32
564 16
565 16
566 16
567 32
568 32
569 64
570 64
571 64
572 64
573 32
574 64
575 64
576 64
577 16
578 16
579 64
580 64
581 16
582 16
583 64
584 16
585 64
586 32
587 16
588 32
589 16
590 64
591 64
592 64
593 64
594 64
595 16
596 64
597 16
598 64
599 64
600 16
;
#param cqi :=  
#1 15
#2 10
#3 11
#4 1
#5 3
#6 15
#7 7
#8 2
#9 15
#10 11
#11 15
#12 10
#13 14
#14 6
#15 3
#16 11
#17 4
#18 5
#19 3
#20 8
#21 2
#22 15
#23 9
#24 9
#25 4
#26 15
#27 2
#28 6
#29 2
#30 4
#31 11
#32 10
#33 5
#34 13
#35 2
#36 11
#37 14
#38 15
#39 8
#40 10
#41 5
#42 6
#43 11
#44 13
#45 14
#46 11
#47 2
#48 3
#49 9
#50 2
#51 2
#52 13
#53 11
#54 8
#55 3
#56 14
#57 10
#58 14
#59 3
#60 12
#61 1
#62 9
#63 5
#64 4
#65 9
#66 6
#67 12
#68 4
#69 4
#70 7
#71 14
#72 15
#73 5
#74 7
#75 9
#76 12
#77 12
#78 7
#79 1
#80 11
#81 15
#82 15
#83 13
#84 7
#85 5
#86 9
#87 10
#88 4
#89 12
#90 6
#91 1
#92 13
#93 15
#94 11
#95 5
#96 8
#97 11
#98 6
#99 8
#100 9
#101 5
#102 4
#103 6
#104 2
#105 7
#106 2
#107 2
#108 6
#109 13
#110 4
#111 4
#112 4
#113 6
#114 6
#115 13
#116 9
#117 14
#118 9
#119 10
#120 8
#121 12
#122 1
#123 7
#124 2
#125 4
#126 6
#127 12
#128 7
#129 2
#130 9
#131 6
#132 6
#133 5
#134 3
#135 14
#136 15
#137 9
#138 3
#139 12
#140 9
#141 10
#142 8
#143 5
#144 13
#145 5
#146 11
#147 9
#148 10
#149 13
#150 13
#151 11
#152 6
#153 10
#154 13
#155 3
#156 6
#157 14
#158 10
#159 11
#160 14
#161 7
#162 6
#163 3
#164 10
#165 7
#166 1
#167 13
#168 9
#169 6
#170 1
#171 3
#172 13
#173 4
#174 2
#175 14
#176 1
#177 2
#178 7
#179 10
#180 8
#181 14
#182 4
#183 6
#184 12
#185 2
#186 3
#187 4
#188 15
#189 10
#190 2
#191 8
#192 10
#193 4
#194 4
#195 1
#196 4
#197 11
#198 8
#199 7
#200 4
#201 15
#202 2
#203 10
#204 9
#205 15
#206 15
#207 1
#208 9
#209 2
#210 8
#211 9
#212 9
#213 3
#214 14
#215 8
#216 2
#217 12
#218 1
#219 12
#220 4
#221 11
#222 8
#223 9
#224 15
#225 1
#226 9
#227 13
#228 1
#229 11
#230 7
#231 6
#232 11
#233 9
#234 11
#235 9
#236 12
#237 12
#238 1
#239 8
#240 8
#241 7
#242 5
#243 8
#244 15
#245 13
#246 7
#247 5
#248 11
#249 13
#250 9
#251 8
#252 3
#253 3
#254 11
#255 2
#256 5
#257 12
#258 10
#259 5
#260 3
#261 11
#262 3
#263 8
#264 12
#265 11
#266 11
#267 3
#268 15
#269 13
#270 6
#271 1
#272 5
#273 2
#274 1
#275 10
#276 7
#277 1
#278 4
#279 11
#280 8
#281 12
#282 1
#283 12
#284 14
#285 2
#286 2
#287 12
#288 15
#289 12
#290 6
#291 5
#292 7
#293 10
#294 2
#295 2
#296 8
#297 6
#298 15
#299 11
#300 4
#301 11
#302 12
#303 4
#304 4
#305 11
#306 11
#307 7
#308 10
#309 2
#310 5
#311 6
#312 5
#313 6
#314 11
#315 13
#316 7
#317 14
#318 6
#319 15
#320 5
#321 8
#322 8
#323 14
#324 7
#325 1
#326 14
#327 9
#328 12
#329 2
#330 7
#331 12
#332 14
#333 2
#334 3
#335 14
#336 3
#337 8
#338 13
#339 11
#340 5
#341 7
#342 4
#343 3
#344 6
#345 10
#346 12
#347 11
#348 9
#349 3
#350 11
#351 12
#352 7
#353 5
#354 15
#355 13
#356 1
#357 14
#358 4
#359 8
#360 10
#361 15
#362 7
#363 2
#364 3
#365 10
#366 10
#367 2
#368 2
#369 1
#370 2
#371 11
#372 12
#373 15
#374 9
#375 7
#376 5
#377 14
#378 7
#379 6
#380 8
#381 10
#382 5
#383 6
#384 6
#385 6
#386 11
#387 15
#388 10
#389 13
#390 11
#391 12
#392 7
#393 5
#394 8
#395 15
#396 2
#397 14
#398 10
#399 2
#400 1
#401 3
#402 8
#403 12
#404 5
#405 5
#406 14
#407 14
#408 14
#409 5
#410 13
#411 1
#412 8
#413 10
#414 15
#415 15
#416 14
#417 5
#418 2
#419 9
#420 7
#421 6
#422 7
#423 2
#424 7
#425 13
#426 5
#427 6
#428 4
#429 15
#430 5
#431 5
#432 3
#433 5
#434 7
#435 9
#436 12
#437 12
#438 4
#439 3
#440 2
#441 7
#442 14
#443 13
#444 12
#445 13
#446 4
#447 6
#448 6
#449 12
#450 6
#451 11
#452 13
#453 15
#454 4
#455 8
#456 15
#457 13
#458 10
#459 7
#460 11
#461 6
#462 1
#463 12
#464 4
#465 4
#466 1
#467 5
#468 15
#469 3
#470 3
#471 11
#472 2
#473 10
#474 10
#475 1
#476 14
#477 8
#478 7
#479 10
#480 11
#481 15
#482 13
#483 5
#484 9
#485 2
#486 13
#487 13
#488 3
#489 11
#490 11
#491 2
#492 9
#493 8
#494 14
#495 14
#496 12
#497 2
#498 7
#499 7
#500 4
#501 15
#502 1
#503 7
#504 8
#505 13
#506 8
#507 8
#508 9
#509 5
#510 10
#511 9
#512 11
#513 13
#514 13
#515 2
#516 3
#517 15
#518 6
#519 4
#520 15
#521 7
#522 11
#523 1
#524 8
#525 8
#526 11
#527 13
#528 10
#529 6
#530 4
#531 4
#532 15
#533 5
#534 13
#535 4
#536 6
#537 2
#538 3
#539 4
#540 4
#541 3
#542 1
#543 10
#544 8
#545 7
#546 15
#547 7
#548 3
#549 10
#550 14
#551 10
#552 13
#553 5
#554 2
#555 7
#556 4
#557 9
#558 12
#559 9
#560 2
#561 6
#562 11
#563 9
#564 1
#565 1
#566 1
#567 9
#568 8
#569 12
#570 13
#571 13
#572 10
#573 8
#574 15
#575 10
#576 14
#577 2
#578 5
#579 11
#580 15
#581 6
#582 1
#583 11
#584 5
#585 15
#586 9
#587 1
#588 9
#589 3
#590 11
#591 13
#592 15
#593 13
#594 15
#595 1
#596 12
#597 1
#598 10
#599 13
#600 2
#;
end;
