data;
param k :=720;
param n :=720;
param m :=3;
param p :=1;

param simbols :=  
1 163
2 151
3 162
4 154
5 152
6 118
7 156
8 158
9 154
10 156
11 135
12 153
13 141
14 138
15 142
16 136
17 168
18 130
19 129
20 159
21 151
22 148
23 146
24 127
25 162
26 160
27 158
28 138
29 138
30 136
31 164
32 135
33 155
34 155
35 141
36 144
37 123
38 168
39 132
40 145
41 137
42 125
43 147
44 131
45 133
46 137
47 151
48 152
49 131
50 157
51 145
52 147
53 134
54 157
55 138
56 160
57 137
58 168
59 147
60 168
61 139
62 152
63 145
64 128
65 143
66 155
67 143
68 148
69 116
70 163
71 135
72 124
73 145
74 150
75 127
76 145
77 168
78 140
79 135
80 150
81 135
82 142
83 153
84 156
85 137
86 152
87 134
88 139
89 119
90 155
91 140
92 155
93 149
94 130
95 128
96 136
97 135
98 142
99 132
100 149
101 140
102 144
103 137
104 126
105 128
106 143
107 150
108 125
109 150
110 159
111 132
112 143
113 125
114 153
115 112
116 156
117 130
118 133
119 154
120 133
121 147
122 146
123 124
124 160
125 141
126 136
127 132
128 149
129 135
130 156
131 145
132 154
133 141
134 134
135 168
136 151
137 161
138 156
139 121
140 145
141 142
142 162
143 159
144 153
145 143
146 125
147 168
148 139
149 151
150 144
151 162
152 139
153 127
154 156
155 143
156 144
157 143
158 123
159 129
160 159
161 133
162 144
163 161
164 147
165 145
166 143
167 140
168 151
169 142
170 122
171 168
172 138
173 168
174 144
175 151
176 134
177 131
178 154
179 138
180 138
181 143
182 123
183 118
184 160
185 120
186 145
187 159
188 149
189 144
190 148
191 159
192 168
193 131
194 145
195 118
196 161
197 139
198 131
199 137
200 148
201 146
202 156
203 151
204 149
205 151
206 165
207 155
208 168
209 152
210 159
211 158
212 139
213 163
214 151
215 144
216 139
217 144
218 156
219 140
220 152
221 148
222 141
223 143
224 161
225 121
226 113
227 146
228 137
229 136
230 152
231 154
232 149
233 150
234 142
235 144
236 143
237 141
238 165
239 164
240 135
241 153
242 143
243 157
244 150
245 148
246 150
247 144
248 148
249 150
250 132
251 141
252 151
253 155
254 149
255 141
256 138
257 126
258 141
259 151
260 168
261 151
262 156
263 136
264 149
265 151
266 130
267 148
268 141
269 132
270 145
271 153
272 157
273 142
274 113
275 139
276 131
277 147
278 151
279 139
280 140
281 146
282 154
283 135
284 141
285 155
286 130
287 160
288 168
289 152
290 154
291 137
292 135
293 159
294 145
295 165
296 135
297 138
298 151
299 144
300 150
301 168
302 134
303 157
304 144
305 131
306 148
307 152
308 137
309 145
310 158
311 144
312 132
313 168
314 154
315 140
316 129
317 146
318 134
319 157
320 158
321 141
322 152
323 145
324 147
325 141
326 159
327 168
328 137
329 128
330 144
331 158
332 153
333 150
334 134
335 151
336 137
337 144
338 145
339 146
340 147
341 143
342 141
343 157
344 153
345 146
346 146
347 150
348 158
349 152
350 152
351 149
352 134
353 139
354 152
355 157
356 138
357 121
358 152
359 143
360 135
361 154
362 161
363 125
364 149
365 142
366 145
367 131
368 145
369 122
370 139
371 130
372 147
373 161
374 160
375 154
376 140
377 168
378 132
379 134
380 124
381 160
382 153
383 150
384 168
385 154
386 147
387 152
388 148
389 161
390 147
391 153
392 128
393 142
394 140
395 165
396 130
397 168
398 126
399 140
400 154
401 158
402 145
403 143
404 146
405 124
406 135
407 130
408 150
409 149
410 146
411 135
412 130
413 147
414 133
415 143
416 138
417 162
418 154
419 150
420 137
421 159
422 144
423 146
424 124
425 165
426 162
427 135
428 126
429 152
430 139
431 132
432 156
433 146
434 150
435 127
436 139
437 168
438 109
439 144
440 156
441 152
442 129
443 123
444 140
445 155
446 140
447 129
448 140
449 152
450 168
451 127
452 129
453 162
454 138
455 133
456 133
457 160
458 137
459 151
460 157
461 160
462 138
463 162
464 142
465 118
466 135
467 168
468 148
469 138
470 128
471 127
472 131
473 141
474 143
475 165
476 144
477 156
478 142
479 137
480 157
481 140
482 154
483 144
484 160
485 144
486 133
487 125
488 132
489 141
490 126
491 120
492 137
493 142
494 152
495 148
496 136
497 146
498 142
499 140
500 164
501 140
502 133
503 150
504 137
505 146
506 127
507 168
508 148
509 138
510 168
511 141
512 130
513 149
514 146
515 168
516 140
517 152
518 152
519 151
520 128
521 138
522 147
523 138
524 131
525 133
526 164
527 158
528 133
529 168
530 141
531 165
532 140
533 149
534 145
535 126
536 148
537 163
538 151
539 155
540 162
541 151
542 143
543 135
544 141
545 125
546 120
547 155
548 131
549 144
550 136
551 143
552 133
553 140
554 154
555 129
556 132
557 143
558 144
559 156
560 131
561 140
562 151
563 134
564 150
565 125
566 152
567 134
568 160
569 137
570 168
571 150
572 142
573 152
574 128
575 145
576 120
577 122
578 141
579 121
580 134
581 145
582 156
583 164
584 162
585 127
586 155
587 148
588 168
589 132
590 141
591 139
592 141
593 151
594 153
595 159
596 145
597 136
598 151
599 125
600 151
601 149
602 142
603 154
604 151
605 140
606 145
607 138
608 138
609 124
610 128
611 139
612 139
613 143
614 124
615 113
616 158
617 168
618 132
619 126
620 134
621 146
622 168
623 123
624 147
625 152
626 138
627 151
628 157
629 136
630 143
631 138
632 127
633 148
634 159
635 168
636 139
637 129
638 152
639 137
640 143
641 142
642 147
643 135
644 165
645 147
646 161
647 146
648 168
649 145
650 138
651 129
652 136
653 145
654 149
655 147
656 156
657 145
658 140
659 140
660 122
661 148
662 122
663 132
664 158
665 122
666 141
667 149
668 141
669 147
670 147
671 135
672 168
673 129
674 164
675 152
676 133
677 168
678 144
679 146
680 132
681 125
682 138
683 161
684 141
685 127
686 158
687 168
688 149
689 149
690 161
691 129
692 133
693 145
694 146
695 151
696 150
697 135
698 130
699 148
700 156
701 142
702 145
703 163
704 140
705 146
706 150
707 131
708 159
709 159
710 149
711 126
712 144
713 127
714 133
715 107
716 151
717 158
718 142
719 130
720 150
;
param services :=  
1 0.5
2 0.5
3 1.0
4 0.16
5 1.0
6 0.5
7 0.25
8 0.25
9 1.0
10 0.25
11 0.16
12 1.0
13 0.16
14 0.16
15 0.5
16 0.25
17 0.16
18 0.25
19 1.0
20 0.25
21 1.0
22 0.5
23 1.0
24 0.5
25 1.0
26 0.16
27 0.5
28 0.25
29 0.25
30 0.16
31 0.25
32 0.16
33 0.16
34 0.16
35 0.25
36 0.16
37 0.25
38 1.0
39 0.5
40 0.16
41 1.0
42 0.16
43 0.5
44 0.5
45 0.16
46 0.5
47 0.16
48 0.5
49 1.0
50 0.25
51 0.5
52 0.25
53 1.0
54 0.16
55 0.25
56 1.0
57 0.5
58 0.16
59 0.16
60 0.25
61 0.16
62 0.5
63 1.0
64 0.5
65 0.5
66 0.25
67 0.25
68 1.0
69 0.25
70 0.5
71 0.25
72 1.0
73 0.16
74 0.5
75 1.0
76 0.5
77 0.16
78 0.5
79 1.0
80 0.5
81 1.0
82 0.16
83 0.5
84 0.16
85 0.25
86 0.5
87 0.16
88 1.0
89 1.0
90 1.0
91 0.5
92 0.16
93 1.0
94 0.16
95 0.16
96 0.16
97 1.0
98 0.25
99 1.0
100 0.25
101 0.16
102 0.5
103 0.5
104 0.16
105 1.0
106 0.25
107 0.25
108 0.25
109 0.25
110 0.5
111 0.25
112 0.25
113 0.5
114 0.5
115 0.5
116 1.0
117 0.25
118 1.0
119 0.5
120 0.5
121 0.25
122 0.5
123 0.25
124 0.25
125 0.5
126 0.25
127 0.16
128 0.25
129 0.5
130 1.0
131 1.0
132 1.0
133 0.25
134 0.5
135 0.25
136 0.5
137 0.25
138 0.25
139 0.25
140 0.5
141 0.5
142 0.16
143 0.16
144 0.5
145 1.0
146 0.25
147 0.5
148 1.0
149 0.16
150 0.25
151 0.5
152 0.5
153 0.16
154 0.25
155 0.16
156 0.25
157 0.16
158 0.5
159 1.0
160 0.5
161 0.5
162 0.5
163 0.25
164 0.25
165 1.0
166 0.5
167 1.0
168 0.25
169 0.16
170 0.25
171 0.5
172 0.16
173 1.0
174 0.25
175 0.25
176 0.25
177 0.5
178 0.16
179 0.5
180 0.5
181 0.25
182 0.5
183 0.16
184 0.16
185 0.5
186 0.5
187 0.5
188 0.25
189 1.0
190 0.25
191 0.16
192 1.0
193 0.16
194 1.0
195 1.0
196 0.5
197 1.0
198 1.0
199 0.16
200 1.0
201 0.16
202 0.25
203 0.25
204 0.5
205 0.16
206 1.0
207 0.5
208 0.5
209 1.0
210 0.25
211 1.0
212 0.5
213 0.5
214 1.0
215 0.5
216 1.0
217 0.16
218 0.25
219 1.0
220 0.25
221 0.25
222 0.25
223 0.25
224 1.0
225 0.5
226 0.5
227 0.16
228 0.25
229 0.16
230 0.5
231 1.0
232 1.0
233 0.25
234 0.25
235 1.0
236 0.16
237 0.25
238 1.0
239 0.25
240 0.16
241 0.5
242 1.0
243 0.16
244 0.16
245 0.16
246 0.5
247 0.5
248 0.25
249 0.25
250 1.0
251 0.5
252 1.0
253 0.16
254 0.16
255 0.16
256 1.0
257 0.25
258 1.0
259 0.5
260 0.16
261 0.25
262 0.25
263 0.16
264 0.25
265 0.25
266 0.16
267 1.0
268 1.0
269 0.25
270 1.0
271 1.0
272 1.0
273 0.16
274 0.25
275 0.5
276 1.0
277 1.0
278 0.16
279 0.5
280 0.25
281 0.25
282 1.0
283 0.5
284 0.25
285 0.25
286 1.0
287 0.16
288 1.0
289 1.0
290 0.5
291 0.25
292 1.0
293 0.5
294 0.5
295 1.0
296 0.16
297 0.25
298 0.16
299 1.0
300 1.0
301 0.5
302 1.0
303 0.16
304 0.25
305 1.0
306 1.0
307 0.16
308 1.0
309 0.16
310 0.5
311 0.16
312 0.5
313 0.16
314 0.25
315 0.16
316 1.0
317 0.25
318 0.16
319 0.16
320 0.16
321 0.16
322 0.5
323 0.16
324 0.25
325 1.0
326 1.0
327 1.0
328 1.0
329 0.5
330 1.0
331 0.16
332 0.16
333 0.25
334 1.0
335 1.0
336 1.0
337 0.25
338 0.5
339 0.16
340 0.5
341 0.16
342 1.0
343 0.16
344 1.0
345 0.25
346 0.5
347 0.5
348 0.25
349 0.16
350 0.5
351 0.25
352 1.0
353 1.0
354 0.16
355 0.5
356 0.25
357 0.16
358 0.5
359 0.5
360 0.5
361 0.25
362 0.25
363 1.0
364 0.5
365 1.0
366 0.16
367 0.25
368 0.5
369 0.16
370 0.16
371 0.5
372 0.5
373 0.25
374 0.5
375 0.25
376 0.16
377 0.25
378 0.25
379 0.25
380 0.5
381 0.5
382 0.16
383 0.25
384 1.0
385 1.0
386 1.0
387 0.5
388 0.25
389 0.25
390 0.25
391 1.0
392 0.16
393 0.25
394 0.16
395 0.16
396 0.16
397 0.16
398 0.5
399 0.16
400 0.5
401 0.16
402 0.5
403 0.25
404 1.0
405 0.16
406 1.0
407 0.16
408 0.16
409 0.25
410 0.25
411 0.16
412 1.0
413 0.25
414 0.16
415 1.0
416 0.16
417 1.0
418 0.25
419 1.0
420 0.5
421 0.16
422 1.0
423 0.16
424 0.25
425 1.0
426 0.16
427 0.16
428 1.0
429 0.25
430 0.5
431 0.25
432 0.16
433 1.0
434 0.16
435 0.16
436 0.5
437 1.0
438 0.16
439 0.5
440 0.16
441 1.0
442 0.5
443 0.16
444 0.16
445 1.0
446 0.5
447 0.5
448 1.0
449 0.16
450 0.16
451 1.0
452 1.0
453 0.16
454 0.5
455 1.0
456 0.5
457 0.25
458 0.16
459 0.16
460 0.25
461 1.0
462 0.25
463 0.5
464 0.25
465 1.0
466 0.5
467 1.0
468 1.0
469 0.5
470 0.5
471 0.25
472 0.25
473 0.5
474 0.5
475 0.25
476 0.16
477 0.16
478 0.16
479 1.0
480 1.0
481 0.16
482 0.25
483 0.16
484 1.0
485 1.0
486 0.16
487 1.0
488 0.5
489 1.0
490 0.16
491 0.16
492 0.5
493 1.0
494 0.16
495 0.5
496 1.0
497 0.16
498 0.25
499 1.0
500 1.0
501 0.5
502 0.16
503 1.0
504 0.5
505 1.0
506 0.5
507 0.16
508 1.0
509 0.5
510 0.16
511 0.25
512 0.16
513 1.0
514 1.0
515 0.5
516 0.16
517 0.5
518 1.0
519 0.25
520 1.0
521 0.5
522 1.0
523 0.25
524 0.5
525 0.16
526 0.16
527 0.25
528 1.0
529 1.0
530 1.0
531 0.5
532 0.25
533 0.16
534 0.5
535 1.0
536 1.0
537 0.25
538 0.16
539 0.25
540 0.5
541 0.16
542 0.5
543 1.0
544 1.0
545 1.0
546 1.0
547 1.0
548 0.25
549 0.5
550 0.5
551 1.0
552 0.16
553 0.16
554 0.5
555 0.16
556 0.16
557 0.5
558 0.5
559 1.0
560 1.0
561 0.16
562 0.16
563 0.25
564 0.16
565 1.0
566 1.0
567 0.16
568 1.0
569 1.0
570 1.0
571 1.0
572 0.5
573 0.25
574 0.25
575 1.0
576 0.25
577 1.0
578 1.0
579 1.0
580 0.25
581 0.5
582 0.25
583 1.0
584 0.25
585 1.0
586 0.25
587 0.5
588 0.16
589 0.25
590 0.5
591 0.5
592 0.5
593 0.5
594 0.25
595 0.16
596 0.16
597 0.25
598 0.5
599 1.0
600 0.16
601 0.25
602 1.0
603 0.25
604 1.0
605 0.25
606 0.5
607 1.0
608 0.16
609 0.16
610 1.0
611 1.0
612 0.16
613 0.16
614 1.0
615 0.16
616 1.0
617 1.0
618 0.25
619 0.16
620 0.5
621 0.16
622 0.5
623 0.5
624 1.0
625 0.16
626 0.25
627 0.5
628 0.25
629 0.5
630 0.25
631 0.25
632 1.0
633 0.5
634 1.0
635 0.25
636 0.25
637 0.5
638 0.25
639 1.0
640 1.0
641 0.25
642 0.16
643 1.0
644 0.5
645 0.5
646 0.5
647 0.16
648 1.0
649 1.0
650 1.0
651 0.5
652 0.5
653 0.16
654 0.16
655 0.16
656 0.25
657 1.0
658 0.25
659 1.0
660 0.5
661 1.0
662 0.16
663 0.16
664 0.16
665 0.25
666 1.0
667 0.25
668 0.25
669 0.16
670 0.5
671 0.16
672 0.16
673 0.16
674 1.0
675 0.25
676 0.25
677 0.25
678 0.16
679 0.5
680 0.25
681 0.25
682 1.0
683 0.5
684 0.25
685 1.0
686 0.5
687 1.0
688 0.5
689 0.5
690 1.0
691 0.25
692 0.25
693 0.16
694 0.5
695 0.5
696 1.0
697 0.25
698 0.16
699 1.0
700 0.5
701 0.16
702 0.16
703 0.16
704 0.16
705 0.5
706 0.5
707 0.16
708 1.0
709 0.25
710 0.5
711 0.16
712 0.5
713 0.25
714 0.5
715 0.5
716 0.5
717 0.5
718 0.5
719 0.25
720 0.16
;
# param user :=  
#1 8
#2 5
#3 6
#4 10
#5 7
#6 10
#7 10
#8 6
#9 10
#10 10
#11 7
#12 1
#13 7
#14 8
#15 3
#16 4
#17 3
#18 1
#19 10
#20 8
#21 3
#22 7
#23 5
#24 8
#25 10
#26 6
#27 3
#28 1
#29 3
#30 7
#31 1
#32 4
#33 9
#34 8
#35 8
#36 4
#37 5
#38 5
#39 6
#40 7
#41 8
#42 7
#43 3
#44 6
#45 5
#46 8
#47 2
#48 3
#49 2
#50 3
#51 8
#52 9
#53 5
#54 10
#55 1
#56 9
#57 6
#58 6
#59 9
#60 5
#61 4
#62 6
#63 8
#64 10
#65 2
#66 7
#67 6
#68 4
#69 5
#70 4
#71 6
#72 1
#73 6
#74 7
#75 10
#76 8
#77 1
#78 7
#79 4
#80 4
#81 4
#82 3
#83 6
#84 5
#85 7
#86 2
#87 2
#88 4
#89 9
#90 8
#91 10
#92 4
#93 8
#94 7
#95 5
#96 1
#97 3
#98 7
#99 1
#100 9
#101 3
#102 6
#103 5
#104 7
#105 2
#106 1
#107 6
#108 3
#109 3
#110 7
#111 4
#112 5
#113 2
#114 4
#115 4
#116 4
#117 5
#118 8
#119 1
#120 10
#121 1
#122 1
#123 3
#124 8
#125 6
#126 6
#127 4
#128 1
#129 1
#130 4
#131 2
#132 8
#133 7
#134 8
#135 9
#136 9
#137 3
#138 9
#139 5
#140 10
#141 3
#142 10
#143 8
#144 3
#145 7
#146 6
#147 3
#148 1
#149 7
#150 9
#151 1
#152 7
#153 2
#154 8
#155 4
#156 2
#157 5
#158 8
#159 3
#160 6
#161 9
#162 1
#163 3
#164 8
#165 6
#166 4
#167 2
#168 10
#169 3
#170 4
#171 4
#172 8
#173 5
#174 6
#175 2
#176 5
#177 9
#178 9
#179 2
#180 4
#181 5
#182 6
#183 10
#184 1
#185 10
#186 6
#187 10
#188 5
#189 7
#190 8
#191 10
#192 2
#193 4
#194 8
#195 9
#196 8
#197 6
#198 9
#199 9
#200 7
#201 8
#202 5
#203 5
#204 3
#205 1
#206 6
#207 2
#208 4
#209 5
#210 8
#211 5
#212 2
#213 4
#214 3
#215 4
#216 4
#217 4
#218 7
#219 10
#220 7
#221 3
#222 5
#223 10
#224 1
#225 4
#226 10
#227 5
#228 3
#229 3
#230 3
#231 5
#232 3
#233 5
#234 4
#235 5
#236 2
#237 10
#238 3
#239 8
#240 6
#241 3
#242 7
#243 6
#244 8
#245 6
#246 3
#247 6
#248 3
#249 8
#250 6
#251 5
#252 6
#253 5
#254 5
#255 2
#256 1
#257 10
#258 9
#259 5
#260 1
#261 6
#262 6
#263 8
#264 6
#265 3
#266 1
#267 2
#268 8
#269 9
#270 9
#271 4
#272 2
#273 3
#274 9
#275 10
#276 10
#277 7
#278 6
#279 9
#280 6
#281 9
#282 5
#283 5
#284 6
#285 9
#286 1
#287 1
#288 6
#289 9
#290 9
#291 6
#292 6
#293 9
#294 7
#295 2
#296 4
#297 6
#298 7
#299 6
#300 5
#301 4
#302 1
#303 8
#304 4
#305 4
#306 10
#307 4
#308 6
#309 6
#310 4
#311 5
#312 8
#313 9
#314 6
#315 2
#316 9
#317 8
#318 2
#319 2
#320 8
#321 2
#322 2
#323 3
#324 8
#325 3
#326 5
#327 6
#328 4
#329 1
#330 4
#331 8
#332 5
#333 8
#334 8
#335 9
#336 4
#337 3
#338 2
#339 6
#340 7
#341 8
#342 5
#343 3
#344 5
#345 7
#346 8
#347 9
#348 5
#349 8
#350 7
#351 1
#352 3
#353 5
#354 4
#355 7
#356 3
#357 3
#358 3
#359 6
#360 7
#361 3
#362 2
#363 7
#364 1
#365 4
#366 5
#367 8
#368 4
#369 9
#370 9
#371 3
#372 10
#373 7
#374 2
#375 10
#376 7
#377 1
#378 1
#379 5
#380 1
#381 8
#382 4
#383 3
#384 10
#385 7
#386 8
#387 7
#388 9
#389 1
#390 9
#391 8
#392 8
#393 9
#394 6
#395 2
#396 8
#397 8
#398 1
#399 2
#400 1
#401 1
#402 5
#403 1
#404 9
#405 3
#406 2
#407 3
#408 10
#409 10
#410 7
#411 6
#412 3
#413 3
#414 6
#415 3
#416 7
#417 4
#418 10
#419 7
#420 4
#421 6
#422 3
#423 9
#424 8
#425 5
#426 2
#427 2
#428 10
#429 6
#430 2
#431 5
#432 8
#433 6
#434 5
#435 1
#436 5
#437 10
#438 1
#439 6
#440 1
#441 9
#442 4
#443 8
#444 10
#445 2
#446 10
#447 9
#448 7
#449 9
#450 10
#451 3
#452 1
#453 9
#454 10
#455 5
#456 1
#457 8
#458 7
#459 3
#460 3
#461 9
#462 6
#463 3
#464 8
#465 3
#466 5
#467 3
#468 5
#469 1
#470 5
#471 6
#472 9
#473 5
#474 3
#475 9
#476 6
#477 4
#478 8
#479 2
#480 8
#481 10
#482 8
#483 1
#484 5
#485 5
#486 4
#487 4
#488 8
#489 10
#490 8
#491 7
#492 3
#493 4
#494 1
#495 6
#496 3
#497 8
#498 8
#499 4
#500 5
#501 6
#502 8
#503 3
#504 4
#505 7
#506 1
#507 9
#508 7
#509 3
#510 1
#511 8
#512 2
#513 4
#514 2
#515 6
#516 10
#517 5
#518 3
#519 7
#520 6
#521 2
#522 7
#523 10
#524 5
#525 10
#526 4
#527 6
#528 6
#529 8
#530 6
#531 6
#532 8
#533 10
#534 1
#535 8
#536 5
#537 9
#538 9
#539 7
#540 2
#541 10
#542 7
#543 10
#544 3
#545 8
#546 6
#547 5
#548 4
#549 5
#550 6
#551 1
#552 4
#553 2
#554 6
#555 5
#556 8
#557 8
#558 1
#559 4
#560 5
#561 3
#562 4
#563 6
#564 5
#565 3
#566 2
#567 2
#568 6
#569 9
#570 10
#571 8
#572 6
#573 7
#574 1
#575 6
#576 3
#577 8
#578 7
#579 2
#580 5
#581 3
#582 2
#583 2
#584 3
#585 2
#586 4
#587 6
#588 4
#589 3
#590 9
#591 2
#592 10
#593 2
#594 7
#595 7
#596 5
#597 10
#598 10
#599 1
#600 4
#601 1
#602 5
#603 5
#604 2
#605 4
#606 6
#607 4
#608 3
#609 1
#610 9
#611 6
#612 6
#613 2
#614 9
#615 7
#616 4
#617 9
#618 1
#619 3
#620 7
#621 9
#622 1
#623 8
#624 3
#625 9
#626 3
#627 10
#628 5
#629 2
#630 1
#631 9
#632 1
#633 5
#634 8
#635 10
#636 8
#637 1
#638 1
#639 6
#640 5
#641 7
#642 9
#643 3
#644 4
#645 10
#646 2
#647 7
#648 8
#649 4
#650 5
#651 7
#652 2
#653 10
#654 7
#655 1
#656 7
#657 2
#658 5
#659 5
#660 10
#661 4
#662 2
#663 10
#664 2
#665 6
#666 4
#667 7
#668 5
#669 4
#670 10
#671 3
#672 8
#673 9
#674 10
#675 10
#676 5
#677 2
#678 3
#679 10
#680 5
#681 10
#682 6
#683 4
#684 8
#685 4
#686 6
#687 1
#688 5
#689 3
#690 1
#691 4
#692 6
#693 6
#694 10
#695 4
#696 3
#697 9
#698 7
#699 10
#700 8
#701 8
#702 10
#703 4
#704 10
#705 8
#706 9
#707 2
#708 3
#709 1
#710 10
#711 5
#712 7
#713 4
#714 4
#715 1
#716 1
#717 9
#718 2
#719 9
#720 6
#;
param mcs :=  
1 16
2 16
3 16
4 64
5 32
6 64
7 32
8 32
9 32
10 16
11 64
12 16
13 64
14 32
15 32
16 32
17 16
18 16
19 16
20 64
21 64
22 16
23 16
24 32
25 32
26 64
27 64
28 32
29 64
30 64
31 64
32 64
33 16
34 16
35 32
36 16
37 64
38 64
39 64
40 64
41 64
42 64
43 16
44 64
45 64
46 64
47 64
48 64
49 32
50 64
51 16
52 16
53 32
54 64
55 64
56 16
57 16
58 64
59 64
60 64
61 16
62 16
63 64
64 16
65 64
66 32
67 16
68 64
69 16
70 32
71 16
72 16
73 64
74 64
75 16
76 64
77 16
78 64
79 64
80 64
81 64
82 32
83 32
84 16
85 64
86 32
87 64
88 32
89 64
90 16
91 64
92 16
93 64
94 16
95 64
96 32
97 16
98 64
99 64
100 64
101 32
102 16
103 32
104 16
105 16
106 64
107 64
108 64
109 16
110 64
111 16
112 16
113 16
114 32
115 64
116 64
117 64
118 16
119 64
120 16
121 32
122 16
123 64
124 16
125 32
126 32
127 32
128 64
129 64
130 16
131 32
132 16
133 64
134 32
135 64
136 64
137 32
138 16
139 32
140 64
141 32
142 64
143 16
144 32
145 16
146 64
147 64
148 16
149 64
150 16
151 16
152 64
153 16
154 64
155 32
156 32
157 64
158 32
159 16
160 16
161 16
162 32
163 64
164 32
165 16
166 16
167 32
168 32
169 64
170 64
171 16
172 64
173 32
174 64
175 32
176 64
177 16
178 32
179 32
180 16
181 64
182 32
183 32
184 16
185 64
186 64
187 64
188 64
189 32
190 64
191 16
192 64
193 64
194 16
195 32
196 64
197 16
198 16
199 64
200 32
201 32
202 16
203 16
204 64
205 64
206 64
207 64
208 64
209 16
210 64
211 16
212 64
213 32
214 16
215 16
216 32
217 64
218 64
219 64
220 32
221 16
222 32
223 16
224 32
225 16
226 16
227 16
228 64
229 16
230 64
231 16
232 16
233 16
234 64
235 32
236 16
237 64
238 16
239 64
240 32
241 64
242 16
243 16
244 16
245 64
246 16
247 64
248 64
249 64
250 64
251 16
252 64
253 64
254 32
255 64
256 64
257 16
258 64
259 64
260 16
261 16
262 64
263 32
264 16
265 64
266 32
267 32
268 64
269 16
270 16
271 32
272 64
273 32
274 64
275 64
276 64
277 16
278 64
279 64
280 64
281 32
282 16
283 64
284 64
285 64
286 16
287 32
288 16
289 16
290 64
291 64
292 32
293 16
294 16
295 32
296 64
297 32
298 64
299 64
300 16
301 16
302 16
303 64
304 64
305 64
306 16
307 16
308 64
309 16
310 16
311 16
312 16
313 32
314 16
315 16
316 16
317 16
318 16
319 16
320 64
321 64
322 64
323 16
324 64
325 64
326 32
327 32
328 32
329 32
330 64
331 64
332 64
333 16
334 16
335 16
336 16
337 16
338 16
339 16
340 16
341 32
342 64
343 32
344 64
345 16
346 32
347 64
348 64
349 64
350 32
351 64
352 32
353 16
354 16
355 64
356 32
357 16
358 64
359 64
360 64
361 32
362 16
363 64
364 32
365 32
366 64
367 16
368 64
369 16
370 32
371 32
372 64
373 64
374 32
375 64
376 16
377 64
378 64
379 16
380 64
381 16
382 32
383 16
384 32
385 64
386 16
387 16
388 16
389 32
390 16
391 16
392 16
393 32
394 64
395 16
396 16
397 16
398 32
399 32
400 64
401 64
402 16
403 64
404 64
405 64
406 16
407 64
408 64
409 64
410 64
411 64
412 32
413 64
414 32
415 16
416 16
417 64
418 64
419 32
420 32
421 16
422 32
423 64
424 16
425 16
426 16
427 16
428 16
429 16
430 64
431 32
432 64
433 32
434 16
435 16
436 64
437 64
438 64
439 64
440 64
441 64
442 64
443 64
444 64
445 16
446 16
447 16
448 16
449 16
450 32
451 16
452 64
453 64
454 16
455 64
456 64
457 32
458 32
459 64
460 16
461 16
462 64
463 64
464 64
465 16
466 16
467 32
468 16
469 64
470 16
471 16
472 16
473 16
474 16
475 16
476 16
477 32
478 32
479 64
480 32
481 64
482 64
483 32
484 16
485 64
486 32
487 32
488 32
489 64
490 32
491 64
492 16
493 64
494 32
495 16
496 64
497 32
498 64
499 64
500 16
501 16
502 16
503 32
504 32
505 16
506 16
507 32
508 64
509 32
510 64
511 64
512 64
513 64
514 16
515 64
516 16
517 16
518 32
519 32
520 64
521 16
522 64
523 16
524 64
525 16
526 16
527 32
528 32
529 16
530 32
531 64
532 16
533 32
534 16
535 16
536 32
537 16
538 32
539 64
540 16
541 16
542 16
543 64
544 64
545 16
546 16
547 64
548 64
549 64
550 32
551 16
552 64
553 32
554 32
555 64
556 64
557 64
558 64
559 16
560 16
561 64
562 64
563 16
564 16
565 64
566 16
567 32
568 32
569 16
570 32
571 64
572 64
573 32
574 64
575 16
576 64
577 64
578 16
579 64
580 64
581 64
582 16
583 16
584 16
585 64
586 64
587 64
588 16
589 16
590 64
591 64
592 64
593 64
594 32
595 16
596 16
597 32
598 16
599 16
600 64
601 16
602 16
603 16
604 64
605 16
606 64
607 64
608 16
609 16
610 32
611 64
612 64
613 64
614 64
615 64
616 16
617 32
618 64
619 64
620 16
621 16
622 64
623 64
624 16
625 32
626 64
627 16
628 16
629 16
630 16
631 32
632 32
633 16
634 64
635 16
636 32
637 64
638 16
639 64
640 64
641 16
642 16
643 64
644 64
645 64
646 16
647 16
648 32
649 32
650 16
651 64
652 64
653 16
654 16
655 32
656 16
657 16
658 64
659 64
660 16
661 64
662 16
663 32
664 64
665 64
666 32
667 64
668 16
669 16
670 16
671 16
672 64
673 16
674 32
675 64
676 32
677 64
678 64
679 64
680 32
681 32
682 32
683 64
684 16
685 64
686 32
687 64
688 64
689 16
690 16
691 64
692 16
693 64
694 32
695 64
696 64
697 64
698 32
699 64
700 64
701 16
702 64
703 64
704 16
705 16
706 16
707 32
708 64
709 16
710 32
711 32
712 16
713 64
714 64
715 32
716 64
717 64
718 16
719 16
720 32
;
#param cqi :=  
#1 2
#2 1
#3 5
#4 13
#5 7
#6 15
#7 8
#8 9
#9 7
#10 2
#11 11
#12 4
#13 11
#14 9
#15 9
#16 8
#17 6
#18 6
#19 3
#20 13
#21 13
#22 5
#23 5
#24 8
#25 8
#26 10
#27 11
#28 9
#29 12
#30 11
#31 14
#32 14
#33 1
#34 6
#35 8
#36 2
#37 11
#38 13
#39 10
#40 11
#41 11
#42 10
#43 1
#44 15
#45 14
#46 12
#47 11
#48 12
#49 9
#50 11
#51 6
#52 5
#53 7
#54 14
#55 15
#56 5
#57 5
#58 15
#59 11
#60 13
#61 2
#62 4
#63 11
#64 4
#65 13
#66 7
#67 3
#68 12
#69 2
#70 8
#71 4
#72 2
#73 12
#74 12
#75 5
#76 14
#77 2
#78 12
#79 10
#80 13
#81 15
#82 9
#83 7
#84 3
#85 14
#86 9
#87 10
#88 7
#89 14
#90 1
#91 10
#92 1
#93 15
#94 3
#95 14
#96 7
#97 1
#98 13
#99 14
#100 12
#101 9
#102 5
#103 7
#104 2
#105 5
#106 14
#107 15
#108 12
#109 6
#110 10
#111 1
#112 5
#113 6
#114 7
#115 11
#116 12
#117 10
#118 2
#119 13
#120 1
#121 9
#122 6
#123 10
#124 3
#125 7
#126 9
#127 7
#128 14
#129 11
#130 1
#131 9
#132 4
#133 14
#134 9
#135 15
#136 15
#137 8
#138 5
#139 7
#140 14
#141 9
#142 10
#143 3
#144 7
#145 6
#146 12
#147 11
#148 6
#149 10
#150 2
#151 1
#152 12
#153 5
#154 12
#155 8
#156 7
#157 14
#158 8
#159 3
#160 5
#161 6
#162 7
#163 13
#164 7
#165 5
#166 2
#167 7
#168 7
#169 11
#170 12
#171 2
#172 14
#173 9
#174 14
#175 8
#176 11
#177 6
#178 9
#179 9
#180 5
#181 15
#182 8
#183 9
#184 2
#185 12
#186 15
#187 12
#188 15
#189 7
#190 15
#191 1
#192 14
#193 13
#194 5
#195 8
#196 10
#197 3
#198 6
#199 13
#200 7
#201 8
#202 5
#203 5
#204 14
#205 11
#206 12
#207 15
#208 11
#209 6
#210 14
#211 2
#212 10
#213 9
#214 4
#215 3
#216 8
#217 14
#218 13
#219 11
#220 7
#221 2
#222 9
#223 2
#224 8
#225 2
#226 3
#227 1
#228 12
#229 6
#230 12
#231 4
#232 4
#233 3
#234 11
#235 9
#236 3
#237 15
#238 4
#239 10
#240 7
#241 13
#242 5
#243 6
#244 6
#245 11
#246 5
#247 12
#248 15
#249 12
#250 10
#251 5
#252 15
#253 13
#254 8
#255 11
#256 14
#257 2
#258 11
#259 12
#260 2
#261 6
#262 15
#263 8
#264 6
#265 10
#266 7
#267 7
#268 14
#269 1
#270 1
#271 8
#272 15
#273 7
#274 13
#275 14
#276 10
#277 2
#278 13
#279 14
#280 15
#281 8
#282 6
#283 15
#284 11
#285 11
#286 2
#287 9
#288 3
#289 1
#290 12
#291 12
#292 7
#293 5
#294 4
#295 9
#296 14
#297 8
#298 10
#299 13
#300 3
#301 6
#302 5
#303 11
#304 12
#305 10
#306 5
#307 2
#308 14
#309 4
#310 4
#311 3
#312 6
#313 8
#314 5
#315 4
#316 1
#317 1
#318 6
#319 3
#320 15
#321 15
#322 14
#323 4
#324 10
#325 14
#326 7
#327 7
#328 7
#329 8
#330 13
#331 14
#332 10
#333 5
#334 6
#335 1
#336 4
#337 2
#338 1
#339 1
#340 3
#341 9
#342 13
#343 9
#344 12
#345 2
#346 8
#347 14
#348 10
#349 14
#350 9
#351 12
#352 9
#353 2
#354 6
#355 13
#356 9
#357 4
#358 12
#359 15
#360 15
#361 9
#362 6
#363 14
#364 7
#365 7
#366 14
#367 3
#368 11
#369 4
#370 9
#371 7
#372 13
#373 12
#374 8
#375 11
#376 6
#377 14
#378 13
#379 4
#380 13
#381 3
#382 8
#383 3
#384 9
#385 10
#386 2
#387 4
#388 3
#389 8
#390 1
#391 4
#392 2
#393 7
#394 15
#395 3
#396 2
#397 4
#398 8
#399 8
#400 12
#401 12
#402 5
#403 13
#404 13
#405 14
#406 5
#407 15
#408 13
#409 14
#410 11
#411 12
#412 7
#413 10
#414 7
#415 6
#416 3
#417 14
#418 10
#419 9
#420 9
#421 2
#422 9
#423 12
#424 4
#425 5
#426 6
#427 2
#428 2
#429 1
#430 12
#431 8
#432 12
#433 9
#434 1
#435 6
#436 12
#437 11
#438 14
#439 11
#440 13
#441 10
#442 15
#443 10
#444 15
#445 5
#446 4
#447 3
#448 6
#449 2
#450 7
#451 4
#452 14
#453 10
#454 5
#455 13
#456 14
#457 9
#458 9
#459 13
#460 6
#461 2
#462 12
#463 13
#464 13
#465 4
#466 4
#467 7
#468 3
#469 10
#470 3
#471 1
#472 2
#473 5
#474 3
#475 5
#476 3
#477 8
#478 7
#479 13
#480 7
#481 14
#482 15
#483 9
#484 5
#485 10
#486 8
#487 7
#488 8
#489 12
#490 7
#491 10
#492 5
#493 14
#494 7
#495 3
#496 12
#497 8
#498 11
#499 10
#500 1
#501 6
#502 2
#503 8
#504 9
#505 2
#506 1
#507 9
#508 12
#509 7
#510 14
#511 12
#512 13
#513 11
#514 2
#515 11
#516 6
#517 2
#518 9
#519 8
#520 13
#521 5
#522 15
#523 4
#524 15
#525 6
#526 5
#527 9
#528 7
#529 3
#530 9
#531 15
#532 6
#533 8
#534 3
#535 6
#536 8
#537 5
#538 9
#539 13
#540 2
#541 4
#542 4
#543 11
#544 15
#545 1
#546 6
#547 15
#548 10
#549 13
#550 9
#551 1
#552 12
#553 8
#554 7
#555 13
#556 14
#557 13
#558 10
#559 6
#560 4
#561 13
#562 13
#563 6
#564 1
#565 14
#566 5
#567 9
#568 9
#569 3
#570 9
#571 15
#572 11
#573 9
#574 10
#575 5
#576 12
#577 10
#578 5
#579 15
#580 13
#581 13
#582 2
#583 6
#584 4
#585 10
#586 15
#587 12
#588 4
#589 3
#590 14
#591 12
#592 11
#593 13
#594 8
#595 4
#596 3
#597 7
#598 5
#599 6
#600 12
#601 1
#602 3
#603 3
#604 11
#605 1
#606 14
#607 10
#608 2
#609 5
#610 7
#611 15
#612 14
#613 14
#614 13
#615 15
#616 5
#617 7
#618 10
#619 11
#620 3
#621 6
#622 13
#623 13
#624 4
#625 9
#626 10
#627 6
#628 3
#629 3
#630 3
#631 9
#632 9
#633 5
#634 15
#635 5
#636 8
#637 14
#638 1
#639 14
#640 12
#641 3
#642 4
#643 12
#644 12
#645 12
#646 3
#647 4
#648 9
#649 7
#650 2
#651 13
#652 13
#653 5
#654 2
#655 9
#656 5
#657 1
#658 10
#659 15
#660 5
#661 10
#662 1
#663 8
#664 12
#665 14
#666 8
#667 14
#668 6
#669 6
#670 1
#671 1
#672 11
#673 1
#674 9
#675 13
#676 9
#677 12
#678 11
#679 13
#680 8
#681 8
#682 9
#683 13
#684 5
#685 10
#686 7
#687 13
#688 13
#689 2
#690 3
#691 10
#692 1
#693 13
#694 8
#695 12
#696 13
#697 14
#698 7
#699 14
#700 14
#701 6
#702 11
#703 14
#704 4
#705 3
#706 1
#707 9
#708 10
#709 3
#710 9
#711 9
#712 4
#713 11
#714 13
#715 9
#716 13
#717 15
#718 4
#719 6
#720 8
#;
end;
